Last Name     Account       
              0             
              0             
              0             
              0             
              0             
              0             
              0             
              0             
              0             
              0             
              0             
              0             
              0             
              0             
              0             
              0             
              0             
              0             
              0             
              0             
              0             
              0             
              0             
              0             
              0             
              0             
              0             
              0             
              0             
              0             
              0             
              0             
              0             
              0             
              0             
              0             
              0             
              0             
              0             
              0             
